fat_tree_1
262 6 1160
256 0 260 0 6400.0 1.0
256 0 261 0 6400.0 1.0
0 1 256 1 200.0 0.1
1 1 256 1 200.0 0.1
2 1 256 1 200.0 0.1
3 1 256 1 200.0 0.1
4 1 256 1 200.0 0.1
5 1 256 1 200.0 0.1
6 1 256 1 200.0 0.1
7 1 256 1 200.0 0.1
8 1 256 1 200.0 0.1
9 1 256 1 200.0 0.1
10 1 256 1 200.0 0.1
11 1 256 1 200.0 0.1
12 1 256 1 200.0 0.1
13 1 256 1 200.0 0.1
14 1 256 1 200.0 0.1
15 1 256 1 200.0 0.1
16 1 256 1 200.0 0.1
17 1 256 1 200.0 0.1
18 1 256 1 200.0 0.1
19 1 256 1 200.0 0.1
20 1 256 1 200.0 0.1
21 1 256 1 200.0 0.1
22 1 256 1 200.0 0.1
23 1 256 1 200.0 0.1
24 1 256 1 200.0 0.1
25 1 256 1 200.0 0.1
26 1 256 1 200.0 0.1
27 1 256 1 200.0 0.1
28 1 256 1 200.0 0.1
29 1 256 1 200.0 0.1
30 1 256 1 200.0 0.1
31 1 256 1 200.0 0.1
32 1 256 1 200.0 0.1
33 1 256 1 200.0 0.1
34 1 256 1 200.0 0.1
35 1 256 1 200.0 0.1
36 1 256 1 200.0 0.1
37 1 256 1 200.0 0.1
38 1 256 1 200.0 0.1
39 1 256 1 200.0 0.1
40 1 256 1 200.0 0.1
41 1 256 1 200.0 0.1
42 1 256 1 200.0 0.1
43 1 256 1 200.0 0.1
44 1 256 1 200.0 0.1
45 1 256 1 200.0 0.1
46 1 256 1 200.0 0.1
47 1 256 1 200.0 0.1
48 1 256 1 200.0 0.1
49 1 256 1 200.0 0.1
50 1 256 1 200.0 0.1
51 1 256 1 200.0 0.1
52 1 256 1 200.0 0.1
53 1 256 1 200.0 0.1
54 1 256 1 200.0 0.1
55 1 256 1 200.0 0.1
56 1 256 1 200.0 0.1
57 1 256 1 200.0 0.1
58 1 256 1 200.0 0.1
59 1 256 1 200.0 0.1
60 1 256 1 200.0 0.1
61 1 256 1 200.0 0.1
62 1 256 1 200.0 0.1
63 1 256 1 200.0 0.1
0 0 1 0 400.0 0.1
0 0 2 0 400.0 0.1
0 0 3 0 400.0 0.1
0 0 4 0 400.0 0.1
0 0 5 0 400.0 0.1
0 0 6 0 400.0 0.1
0 0 7 0 400.0 0.1
1 0 2 0 400.0 0.1
1 0 3 0 400.0 0.1
1 0 4 0 400.0 0.1
1 0 5 0 400.0 0.1
1 0 6 0 400.0 0.1
1 0 7 0 400.0 0.1
2 0 3 0 400.0 0.1
2 0 4 0 400.0 0.1
2 0 5 0 400.0 0.1
2 0 6 0 400.0 0.1
2 0 7 0 400.0 0.1
3 0 4 0 400.0 0.1
3 0 5 0 400.0 0.1
3 0 6 0 400.0 0.1
3 0 7 0 400.0 0.1
4 0 5 0 400.0 0.1
4 0 6 0 400.0 0.1
4 0 7 0 400.0 0.1
5 0 6 0 400.0 0.1
5 0 7 0 400.0 0.1
6 0 7 0 400.0 0.1
8 0 9 0 400.0 0.1
8 0 10 0 400.0 0.1
8 0 11 0 400.0 0.1
8 0 12 0 400.0 0.1
8 0 13 0 400.0 0.1
8 0 14 0 400.0 0.1
8 0 15 0 400.0 0.1
9 0 10 0 400.0 0.1
9 0 11 0 400.0 0.1
9 0 12 0 400.0 0.1
9 0 13 0 400.0 0.1
9 0 14 0 400.0 0.1
9 0 15 0 400.0 0.1
10 0 11 0 400.0 0.1
10 0 12 0 400.0 0.1
10 0 13 0 400.0 0.1
10 0 14 0 400.0 0.1
10 0 15 0 400.0 0.1
11 0 12 0 400.0 0.1
11 0 13 0 400.0 0.1
11 0 14 0 400.0 0.1
11 0 15 0 400.0 0.1
12 0 13 0 400.0 0.1
12 0 14 0 400.0 0.1
12 0 15 0 400.0 0.1
13 0 14 0 400.0 0.1
13 0 15 0 400.0 0.1
14 0 15 0 400.0 0.1
16 0 17 0 400.0 0.1
16 0 18 0 400.0 0.1
16 0 19 0 400.0 0.1
16 0 20 0 400.0 0.1
16 0 21 0 400.0 0.1
16 0 22 0 400.0 0.1
16 0 23 0 400.0 0.1
17 0 18 0 400.0 0.1
17 0 19 0 400.0 0.1
17 0 20 0 400.0 0.1
17 0 21 0 400.0 0.1
17 0 22 0 400.0 0.1
17 0 23 0 400.0 0.1
18 0 19 0 400.0 0.1
18 0 20 0 400.0 0.1
18 0 21 0 400.0 0.1
18 0 22 0 400.0 0.1
18 0 23 0 400.0 0.1
19 0 20 0 400.0 0.1
19 0 21 0 400.0 0.1
19 0 22 0 400.0 0.1
19 0 23 0 400.0 0.1
20 0 21 0 400.0 0.1
20 0 22 0 400.0 0.1
20 0 23 0 400.0 0.1
21 0 22 0 400.0 0.1
21 0 23 0 400.0 0.1
22 0 23 0 400.0 0.1
24 0 25 0 400.0 0.1
24 0 26 0 400.0 0.1
24 0 27 0 400.0 0.1
24 0 28 0 400.0 0.1
24 0 29 0 400.0 0.1
24 0 30 0 400.0 0.1
24 0 31 0 400.0 0.1
25 0 26 0 400.0 0.1
25 0 27 0 400.0 0.1
25 0 28 0 400.0 0.1
25 0 29 0 400.0 0.1
25 0 30 0 400.0 0.1
25 0 31 0 400.0 0.1
26 0 27 0 400.0 0.1
26 0 28 0 400.0 0.1
26 0 29 0 400.0 0.1
26 0 30 0 400.0 0.1
26 0 31 0 400.0 0.1
27 0 28 0 400.0 0.1
27 0 29 0 400.0 0.1
27 0 30 0 400.0 0.1
27 0 31 0 400.0 0.1
28 0 29 0 400.0 0.1
28 0 30 0 400.0 0.1
28 0 31 0 400.0 0.1
29 0 30 0 400.0 0.1
29 0 31 0 400.0 0.1
30 0 31 0 400.0 0.1
32 0 33 0 400.0 0.1
32 0 34 0 400.0 0.1
32 0 35 0 400.0 0.1
32 0 36 0 400.0 0.1
32 0 37 0 400.0 0.1
32 0 38 0 400.0 0.1
32 0 39 0 400.0 0.1
33 0 34 0 400.0 0.1
33 0 35 0 400.0 0.1
33 0 36 0 400.0 0.1
33 0 37 0 400.0 0.1
33 0 38 0 400.0 0.1
33 0 39 0 400.0 0.1
34 0 35 0 400.0 0.1
34 0 36 0 400.0 0.1
34 0 37 0 400.0 0.1
34 0 38 0 400.0 0.1
34 0 39 0 400.0 0.1
35 0 36 0 400.0 0.1
35 0 37 0 400.0 0.1
35 0 38 0 400.0 0.1
35 0 39 0 400.0 0.1
36 0 37 0 400.0 0.1
36 0 38 0 400.0 0.1
36 0 39 0 400.0 0.1
37 0 38 0 400.0 0.1
37 0 39 0 400.0 0.1
38 0 39 0 400.0 0.1
40 0 41 0 400.0 0.1
40 0 42 0 400.0 0.1
40 0 43 0 400.0 0.1
40 0 44 0 400.0 0.1
40 0 45 0 400.0 0.1
40 0 46 0 400.0 0.1
40 0 47 0 400.0 0.1
41 0 42 0 400.0 0.1
41 0 43 0 400.0 0.1
41 0 44 0 400.0 0.1
41 0 45 0 400.0 0.1
41 0 46 0 400.0 0.1
41 0 47 0 400.0 0.1
42 0 43 0 400.0 0.1
42 0 44 0 400.0 0.1
42 0 45 0 400.0 0.1
42 0 46 0 400.0 0.1
42 0 47 0 400.0 0.1
43 0 44 0 400.0 0.1
43 0 45 0 400.0 0.1
43 0 46 0 400.0 0.1
43 0 47 0 400.0 0.1
44 0 45 0 400.0 0.1
44 0 46 0 400.0 0.1
44 0 47 0 400.0 0.1
45 0 46 0 400.0 0.1
45 0 47 0 400.0 0.1
46 0 47 0 400.0 0.1
48 0 49 0 400.0 0.1
48 0 50 0 400.0 0.1
48 0 51 0 400.0 0.1
48 0 52 0 400.0 0.1
48 0 53 0 400.0 0.1
48 0 54 0 400.0 0.1
48 0 55 0 400.0 0.1
49 0 50 0 400.0 0.1
49 0 51 0 400.0 0.1
49 0 52 0 400.0 0.1
49 0 53 0 400.0 0.1
49 0 54 0 400.0 0.1
49 0 55 0 400.0 0.1
50 0 51 0 400.0 0.1
50 0 52 0 400.0 0.1
50 0 53 0 400.0 0.1
50 0 54 0 400.0 0.1
50 0 55 0 400.0 0.1
51 0 52 0 400.0 0.1
51 0 53 0 400.0 0.1
51 0 54 0 400.0 0.1
51 0 55 0 400.0 0.1
52 0 53 0 400.0 0.1
52 0 54 0 400.0 0.1
52 0 55 0 400.0 0.1
53 0 54 0 400.0 0.1
53 0 55 0 400.0 0.1
54 0 55 0 400.0 0.1
56 0 57 0 400.0 0.1
56 0 58 0 400.0 0.1
56 0 59 0 400.0 0.1
56 0 60 0 400.0 0.1
56 0 61 0 400.0 0.1
56 0 62 0 400.0 0.1
56 0 63 0 400.0 0.1
57 0 58 0 400.0 0.1
57 0 59 0 400.0 0.1
57 0 60 0 400.0 0.1
57 0 61 0 400.0 0.1
57 0 62 0 400.0 0.1
57 0 63 0 400.0 0.1
58 0 59 0 400.0 0.1
58 0 60 0 400.0 0.1
58 0 61 0 400.0 0.1
58 0 62 0 400.0 0.1
58 0 63 0 400.0 0.1
59 0 60 0 400.0 0.1
59 0 61 0 400.0 0.1
59 0 62 0 400.0 0.1
59 0 63 0 400.0 0.1
60 0 61 0 400.0 0.1
60 0 62 0 400.0 0.1
60 0 63 0 400.0 0.1
61 0 62 0 400.0 0.1
61 0 63 0 400.0 0.1
62 0 63 0 400.0 0.1
257 0 260 0 6400.0 1.0
257 0 261 0 6400.0 1.0
64 1 257 1 200.0 0.1
65 1 257 1 200.0 0.1
66 1 257 1 200.0 0.1
67 1 257 1 200.0 0.1
68 1 257 1 200.0 0.1
69 1 257 1 200.0 0.1
70 1 257 1 200.0 0.1
71 1 257 1 200.0 0.1
72 1 257 1 200.0 0.1
73 1 257 1 200.0 0.1
74 1 257 1 200.0 0.1
75 1 257 1 200.0 0.1
76 1 257 1 200.0 0.1
77 1 257 1 200.0 0.1
78 1 257 1 200.0 0.1
79 1 257 1 200.0 0.1
80 1 257 1 200.0 0.1
81 1 257 1 200.0 0.1
82 1 257 1 200.0 0.1
83 1 257 1 200.0 0.1
84 1 257 1 200.0 0.1
85 1 257 1 200.0 0.1
86 1 257 1 200.0 0.1
87 1 257 1 200.0 0.1
88 1 257 1 200.0 0.1
89 1 257 1 200.0 0.1
90 1 257 1 200.0 0.1
91 1 257 1 200.0 0.1
92 1 257 1 200.0 0.1
93 1 257 1 200.0 0.1
94 1 257 1 200.0 0.1
95 1 257 1 200.0 0.1
96 1 257 1 200.0 0.1
97 1 257 1 200.0 0.1
98 1 257 1 200.0 0.1
99 1 257 1 200.0 0.1
100 1 257 1 200.0 0.1
101 1 257 1 200.0 0.1
102 1 257 1 200.0 0.1
103 1 257 1 200.0 0.1
104 1 257 1 200.0 0.1
105 1 257 1 200.0 0.1
106 1 257 1 200.0 0.1
107 1 257 1 200.0 0.1
108 1 257 1 200.0 0.1
109 1 257 1 200.0 0.1
110 1 257 1 200.0 0.1
111 1 257 1 200.0 0.1
112 1 257 1 200.0 0.1
113 1 257 1 200.0 0.1
114 1 257 1 200.0 0.1
115 1 257 1 200.0 0.1
116 1 257 1 200.0 0.1
117 1 257 1 200.0 0.1
118 1 257 1 200.0 0.1
119 1 257 1 200.0 0.1
120 1 257 1 200.0 0.1
121 1 257 1 200.0 0.1
122 1 257 1 200.0 0.1
123 1 257 1 200.0 0.1
124 1 257 1 200.0 0.1
125 1 257 1 200.0 0.1
126 1 257 1 200.0 0.1
127 1 257 1 200.0 0.1
64 0 65 0 400.0 0.1
64 0 66 0 400.0 0.1
64 0 67 0 400.0 0.1
64 0 68 0 400.0 0.1
64 0 69 0 400.0 0.1
64 0 70 0 400.0 0.1
64 0 71 0 400.0 0.1
65 0 66 0 400.0 0.1
65 0 67 0 400.0 0.1
65 0 68 0 400.0 0.1
65 0 69 0 400.0 0.1
65 0 70 0 400.0 0.1
65 0 71 0 400.0 0.1
66 0 67 0 400.0 0.1
66 0 68 0 400.0 0.1
66 0 69 0 400.0 0.1
66 0 70 0 400.0 0.1
66 0 71 0 400.0 0.1
67 0 68 0 400.0 0.1
67 0 69 0 400.0 0.1
67 0 70 0 400.0 0.1
67 0 71 0 400.0 0.1
68 0 69 0 400.0 0.1
68 0 70 0 400.0 0.1
68 0 71 0 400.0 0.1
69 0 70 0 400.0 0.1
69 0 71 0 400.0 0.1
70 0 71 0 400.0 0.1
72 0 73 0 400.0 0.1
72 0 74 0 400.0 0.1
72 0 75 0 400.0 0.1
72 0 76 0 400.0 0.1
72 0 77 0 400.0 0.1
72 0 78 0 400.0 0.1
72 0 79 0 400.0 0.1
73 0 74 0 400.0 0.1
73 0 75 0 400.0 0.1
73 0 76 0 400.0 0.1
73 0 77 0 400.0 0.1
73 0 78 0 400.0 0.1
73 0 79 0 400.0 0.1
74 0 75 0 400.0 0.1
74 0 76 0 400.0 0.1
74 0 77 0 400.0 0.1
74 0 78 0 400.0 0.1
74 0 79 0 400.0 0.1
75 0 76 0 400.0 0.1
75 0 77 0 400.0 0.1
75 0 78 0 400.0 0.1
75 0 79 0 400.0 0.1
76 0 77 0 400.0 0.1
76 0 78 0 400.0 0.1
76 0 79 0 400.0 0.1
77 0 78 0 400.0 0.1
77 0 79 0 400.0 0.1
78 0 79 0 400.0 0.1
80 0 81 0 400.0 0.1
80 0 82 0 400.0 0.1
80 0 83 0 400.0 0.1
80 0 84 0 400.0 0.1
80 0 85 0 400.0 0.1
80 0 86 0 400.0 0.1
80 0 87 0 400.0 0.1
81 0 82 0 400.0 0.1
81 0 83 0 400.0 0.1
81 0 84 0 400.0 0.1
81 0 85 0 400.0 0.1
81 0 86 0 400.0 0.1
81 0 87 0 400.0 0.1
82 0 83 0 400.0 0.1
82 0 84 0 400.0 0.1
82 0 85 0 400.0 0.1
82 0 86 0 400.0 0.1
82 0 87 0 400.0 0.1
83 0 84 0 400.0 0.1
83 0 85 0 400.0 0.1
83 0 86 0 400.0 0.1
83 0 87 0 400.0 0.1
84 0 85 0 400.0 0.1
84 0 86 0 400.0 0.1
84 0 87 0 400.0 0.1
85 0 86 0 400.0 0.1
85 0 87 0 400.0 0.1
86 0 87 0 400.0 0.1
88 0 89 0 400.0 0.1
88 0 90 0 400.0 0.1
88 0 91 0 400.0 0.1
88 0 92 0 400.0 0.1
88 0 93 0 400.0 0.1
88 0 94 0 400.0 0.1
88 0 95 0 400.0 0.1
89 0 90 0 400.0 0.1
89 0 91 0 400.0 0.1
89 0 92 0 400.0 0.1
89 0 93 0 400.0 0.1
89 0 94 0 400.0 0.1
89 0 95 0 400.0 0.1
90 0 91 0 400.0 0.1
90 0 92 0 400.0 0.1
90 0 93 0 400.0 0.1
90 0 94 0 400.0 0.1
90 0 95 0 400.0 0.1
91 0 92 0 400.0 0.1
91 0 93 0 400.0 0.1
91 0 94 0 400.0 0.1
91 0 95 0 400.0 0.1
92 0 93 0 400.0 0.1
92 0 94 0 400.0 0.1
92 0 95 0 400.0 0.1
93 0 94 0 400.0 0.1
93 0 95 0 400.0 0.1
94 0 95 0 400.0 0.1
96 0 97 0 400.0 0.1
96 0 98 0 400.0 0.1
96 0 99 0 400.0 0.1
96 0 100 0 400.0 0.1
96 0 101 0 400.0 0.1
96 0 102 0 400.0 0.1
96 0 103 0 400.0 0.1
97 0 98 0 400.0 0.1
97 0 99 0 400.0 0.1
97 0 100 0 400.0 0.1
97 0 101 0 400.0 0.1
97 0 102 0 400.0 0.1
97 0 103 0 400.0 0.1
98 0 99 0 400.0 0.1
98 0 100 0 400.0 0.1
98 0 101 0 400.0 0.1
98 0 102 0 400.0 0.1
98 0 103 0 400.0 0.1
99 0 100 0 400.0 0.1
99 0 101 0 400.0 0.1
99 0 102 0 400.0 0.1
99 0 103 0 400.0 0.1
100 0 101 0 400.0 0.1
100 0 102 0 400.0 0.1
100 0 103 0 400.0 0.1
101 0 102 0 400.0 0.1
101 0 103 0 400.0 0.1
102 0 103 0 400.0 0.1
104 0 105 0 400.0 0.1
104 0 106 0 400.0 0.1
104 0 107 0 400.0 0.1
104 0 108 0 400.0 0.1
104 0 109 0 400.0 0.1
104 0 110 0 400.0 0.1
104 0 111 0 400.0 0.1
105 0 106 0 400.0 0.1
105 0 107 0 400.0 0.1
105 0 108 0 400.0 0.1
105 0 109 0 400.0 0.1
105 0 110 0 400.0 0.1
105 0 111 0 400.0 0.1
106 0 107 0 400.0 0.1
106 0 108 0 400.0 0.1
106 0 109 0 400.0 0.1
106 0 110 0 400.0 0.1
106 0 111 0 400.0 0.1
107 0 108 0 400.0 0.1
107 0 109 0 400.0 0.1
107 0 110 0 400.0 0.1
107 0 111 0 400.0 0.1
108 0 109 0 400.0 0.1
108 0 110 0 400.0 0.1
108 0 111 0 400.0 0.1
109 0 110 0 400.0 0.1
109 0 111 0 400.0 0.1
110 0 111 0 400.0 0.1
112 0 113 0 400.0 0.1
112 0 114 0 400.0 0.1
112 0 115 0 400.0 0.1
112 0 116 0 400.0 0.1
112 0 117 0 400.0 0.1
112 0 118 0 400.0 0.1
112 0 119 0 400.0 0.1
113 0 114 0 400.0 0.1
113 0 115 0 400.0 0.1
113 0 116 0 400.0 0.1
113 0 117 0 400.0 0.1
113 0 118 0 400.0 0.1
113 0 119 0 400.0 0.1
114 0 115 0 400.0 0.1
114 0 116 0 400.0 0.1
114 0 117 0 400.0 0.1
114 0 118 0 400.0 0.1
114 0 119 0 400.0 0.1
115 0 116 0 400.0 0.1
115 0 117 0 400.0 0.1
115 0 118 0 400.0 0.1
115 0 119 0 400.0 0.1
116 0 117 0 400.0 0.1
116 0 118 0 400.0 0.1
116 0 119 0 400.0 0.1
117 0 118 0 400.0 0.1
117 0 119 0 400.0 0.1
118 0 119 0 400.0 0.1
120 0 121 0 400.0 0.1
120 0 122 0 400.0 0.1
120 0 123 0 400.0 0.1
120 0 124 0 400.0 0.1
120 0 125 0 400.0 0.1
120 0 126 0 400.0 0.1
120 0 127 0 400.0 0.1
121 0 122 0 400.0 0.1
121 0 123 0 400.0 0.1
121 0 124 0 400.0 0.1
121 0 125 0 400.0 0.1
121 0 126 0 400.0 0.1
121 0 127 0 400.0 0.1
122 0 123 0 400.0 0.1
122 0 124 0 400.0 0.1
122 0 125 0 400.0 0.1
122 0 126 0 400.0 0.1
122 0 127 0 400.0 0.1
123 0 124 0 400.0 0.1
123 0 125 0 400.0 0.1
123 0 126 0 400.0 0.1
123 0 127 0 400.0 0.1
124 0 125 0 400.0 0.1
124 0 126 0 400.0 0.1
124 0 127 0 400.0 0.1
125 0 126 0 400.0 0.1
125 0 127 0 400.0 0.1
126 0 127 0 400.0 0.1
258 0 260 0 6400.0 1.0
258 0 261 0 6400.0 1.0
128 1 258 1 200.0 0.1
129 1 258 1 200.0 0.1
130 1 258 1 200.0 0.1
131 1 258 1 200.0 0.1
132 1 258 1 200.0 0.1
133 1 258 1 200.0 0.1
134 1 258 1 200.0 0.1
135 1 258 1 200.0 0.1
136 1 258 1 200.0 0.1
137 1 258 1 200.0 0.1
138 1 258 1 200.0 0.1
139 1 258 1 200.0 0.1
140 1 258 1 200.0 0.1
141 1 258 1 200.0 0.1
142 1 258 1 200.0 0.1
143 1 258 1 200.0 0.1
144 1 258 1 200.0 0.1
145 1 258 1 200.0 0.1
146 1 258 1 200.0 0.1
147 1 258 1 200.0 0.1
148 1 258 1 200.0 0.1
149 1 258 1 200.0 0.1
150 1 258 1 200.0 0.1
151 1 258 1 200.0 0.1
152 1 258 1 200.0 0.1
153 1 258 1 200.0 0.1
154 1 258 1 200.0 0.1
155 1 258 1 200.0 0.1
156 1 258 1 200.0 0.1
157 1 258 1 200.0 0.1
158 1 258 1 200.0 0.1
159 1 258 1 200.0 0.1
160 1 258 1 200.0 0.1
161 1 258 1 200.0 0.1
162 1 258 1 200.0 0.1
163 1 258 1 200.0 0.1
164 1 258 1 200.0 0.1
165 1 258 1 200.0 0.1
166 1 258 1 200.0 0.1
167 1 258 1 200.0 0.1
168 1 258 1 200.0 0.1
169 1 258 1 200.0 0.1
170 1 258 1 200.0 0.1
171 1 258 1 200.0 0.1
172 1 258 1 200.0 0.1
173 1 258 1 200.0 0.1
174 1 258 1 200.0 0.1
175 1 258 1 200.0 0.1
176 1 258 1 200.0 0.1
177 1 258 1 200.0 0.1
178 1 258 1 200.0 0.1
179 1 258 1 200.0 0.1
180 1 258 1 200.0 0.1
181 1 258 1 200.0 0.1
182 1 258 1 200.0 0.1
183 1 258 1 200.0 0.1
184 1 258 1 200.0 0.1
185 1 258 1 200.0 0.1
186 1 258 1 200.0 0.1
187 1 258 1 200.0 0.1
188 1 258 1 200.0 0.1
189 1 258 1 200.0 0.1
190 1 258 1 200.0 0.1
191 1 258 1 200.0 0.1
128 0 129 0 400.0 0.1
128 0 130 0 400.0 0.1
128 0 131 0 400.0 0.1
128 0 132 0 400.0 0.1
128 0 133 0 400.0 0.1
128 0 134 0 400.0 0.1
128 0 135 0 400.0 0.1
129 0 130 0 400.0 0.1
129 0 131 0 400.0 0.1
129 0 132 0 400.0 0.1
129 0 133 0 400.0 0.1
129 0 134 0 400.0 0.1
129 0 135 0 400.0 0.1
130 0 131 0 400.0 0.1
130 0 132 0 400.0 0.1
130 0 133 0 400.0 0.1
130 0 134 0 400.0 0.1
130 0 135 0 400.0 0.1
131 0 132 0 400.0 0.1
131 0 133 0 400.0 0.1
131 0 134 0 400.0 0.1
131 0 135 0 400.0 0.1
132 0 133 0 400.0 0.1
132 0 134 0 400.0 0.1
132 0 135 0 400.0 0.1
133 0 134 0 400.0 0.1
133 0 135 0 400.0 0.1
134 0 135 0 400.0 0.1
136 0 137 0 400.0 0.1
136 0 138 0 400.0 0.1
136 0 139 0 400.0 0.1
136 0 140 0 400.0 0.1
136 0 141 0 400.0 0.1
136 0 142 0 400.0 0.1
136 0 143 0 400.0 0.1
137 0 138 0 400.0 0.1
137 0 139 0 400.0 0.1
137 0 140 0 400.0 0.1
137 0 141 0 400.0 0.1
137 0 142 0 400.0 0.1
137 0 143 0 400.0 0.1
138 0 139 0 400.0 0.1
138 0 140 0 400.0 0.1
138 0 141 0 400.0 0.1
138 0 142 0 400.0 0.1
138 0 143 0 400.0 0.1
139 0 140 0 400.0 0.1
139 0 141 0 400.0 0.1
139 0 142 0 400.0 0.1
139 0 143 0 400.0 0.1
140 0 141 0 400.0 0.1
140 0 142 0 400.0 0.1
140 0 143 0 400.0 0.1
141 0 142 0 400.0 0.1
141 0 143 0 400.0 0.1
142 0 143 0 400.0 0.1
144 0 145 0 400.0 0.1
144 0 146 0 400.0 0.1
144 0 147 0 400.0 0.1
144 0 148 0 400.0 0.1
144 0 149 0 400.0 0.1
144 0 150 0 400.0 0.1
144 0 151 0 400.0 0.1
145 0 146 0 400.0 0.1
145 0 147 0 400.0 0.1
145 0 148 0 400.0 0.1
145 0 149 0 400.0 0.1
145 0 150 0 400.0 0.1
145 0 151 0 400.0 0.1
146 0 147 0 400.0 0.1
146 0 148 0 400.0 0.1
146 0 149 0 400.0 0.1
146 0 150 0 400.0 0.1
146 0 151 0 400.0 0.1
147 0 148 0 400.0 0.1
147 0 149 0 400.0 0.1
147 0 150 0 400.0 0.1
147 0 151 0 400.0 0.1
148 0 149 0 400.0 0.1
148 0 150 0 400.0 0.1
148 0 151 0 400.0 0.1
149 0 150 0 400.0 0.1
149 0 151 0 400.0 0.1
150 0 151 0 400.0 0.1
152 0 153 0 400.0 0.1
152 0 154 0 400.0 0.1
152 0 155 0 400.0 0.1
152 0 156 0 400.0 0.1
152 0 157 0 400.0 0.1
152 0 158 0 400.0 0.1
152 0 159 0 400.0 0.1
153 0 154 0 400.0 0.1
153 0 155 0 400.0 0.1
153 0 156 0 400.0 0.1
153 0 157 0 400.0 0.1
153 0 158 0 400.0 0.1
153 0 159 0 400.0 0.1
154 0 155 0 400.0 0.1
154 0 156 0 400.0 0.1
154 0 157 0 400.0 0.1
154 0 158 0 400.0 0.1
154 0 159 0 400.0 0.1
155 0 156 0 400.0 0.1
155 0 157 0 400.0 0.1
155 0 158 0 400.0 0.1
155 0 159 0 400.0 0.1
156 0 157 0 400.0 0.1
156 0 158 0 400.0 0.1
156 0 159 0 400.0 0.1
157 0 158 0 400.0 0.1
157 0 159 0 400.0 0.1
158 0 159 0 400.0 0.1
160 0 161 0 400.0 0.1
160 0 162 0 400.0 0.1
160 0 163 0 400.0 0.1
160 0 164 0 400.0 0.1
160 0 165 0 400.0 0.1
160 0 166 0 400.0 0.1
160 0 167 0 400.0 0.1
161 0 162 0 400.0 0.1
161 0 163 0 400.0 0.1
161 0 164 0 400.0 0.1
161 0 165 0 400.0 0.1
161 0 166 0 400.0 0.1
161 0 167 0 400.0 0.1
162 0 163 0 400.0 0.1
162 0 164 0 400.0 0.1
162 0 165 0 400.0 0.1
162 0 166 0 400.0 0.1
162 0 167 0 400.0 0.1
163 0 164 0 400.0 0.1
163 0 165 0 400.0 0.1
163 0 166 0 400.0 0.1
163 0 167 0 400.0 0.1
164 0 165 0 400.0 0.1
164 0 166 0 400.0 0.1
164 0 167 0 400.0 0.1
165 0 166 0 400.0 0.1
165 0 167 0 400.0 0.1
166 0 167 0 400.0 0.1
168 0 169 0 400.0 0.1
168 0 170 0 400.0 0.1
168 0 171 0 400.0 0.1
168 0 172 0 400.0 0.1
168 0 173 0 400.0 0.1
168 0 174 0 400.0 0.1
168 0 175 0 400.0 0.1
169 0 170 0 400.0 0.1
169 0 171 0 400.0 0.1
169 0 172 0 400.0 0.1
169 0 173 0 400.0 0.1
169 0 174 0 400.0 0.1
169 0 175 0 400.0 0.1
170 0 171 0 400.0 0.1
170 0 172 0 400.0 0.1
170 0 173 0 400.0 0.1
170 0 174 0 400.0 0.1
170 0 175 0 400.0 0.1
171 0 172 0 400.0 0.1
171 0 173 0 400.0 0.1
171 0 174 0 400.0 0.1
171 0 175 0 400.0 0.1
172 0 173 0 400.0 0.1
172 0 174 0 400.0 0.1
172 0 175 0 400.0 0.1
173 0 174 0 400.0 0.1
173 0 175 0 400.0 0.1
174 0 175 0 400.0 0.1
176 0 177 0 400.0 0.1
176 0 178 0 400.0 0.1
176 0 179 0 400.0 0.1
176 0 180 0 400.0 0.1
176 0 181 0 400.0 0.1
176 0 182 0 400.0 0.1
176 0 183 0 400.0 0.1
177 0 178 0 400.0 0.1
177 0 179 0 400.0 0.1
177 0 180 0 400.0 0.1
177 0 181 0 400.0 0.1
177 0 182 0 400.0 0.1
177 0 183 0 400.0 0.1
178 0 179 0 400.0 0.1
178 0 180 0 400.0 0.1
178 0 181 0 400.0 0.1
178 0 182 0 400.0 0.1
178 0 183 0 400.0 0.1
179 0 180 0 400.0 0.1
179 0 181 0 400.0 0.1
179 0 182 0 400.0 0.1
179 0 183 0 400.0 0.1
180 0 181 0 400.0 0.1
180 0 182 0 400.0 0.1
180 0 183 0 400.0 0.1
181 0 182 0 400.0 0.1
181 0 183 0 400.0 0.1
182 0 183 0 400.0 0.1
184 0 185 0 400.0 0.1
184 0 186 0 400.0 0.1
184 0 187 0 400.0 0.1
184 0 188 0 400.0 0.1
184 0 189 0 400.0 0.1
184 0 190 0 400.0 0.1
184 0 191 0 400.0 0.1
185 0 186 0 400.0 0.1
185 0 187 0 400.0 0.1
185 0 188 0 400.0 0.1
185 0 189 0 400.0 0.1
185 0 190 0 400.0 0.1
185 0 191 0 400.0 0.1
186 0 187 0 400.0 0.1
186 0 188 0 400.0 0.1
186 0 189 0 400.0 0.1
186 0 190 0 400.0 0.1
186 0 191 0 400.0 0.1
187 0 188 0 400.0 0.1
187 0 189 0 400.0 0.1
187 0 190 0 400.0 0.1
187 0 191 0 400.0 0.1
188 0 189 0 400.0 0.1
188 0 190 0 400.0 0.1
188 0 191 0 400.0 0.1
189 0 190 0 400.0 0.1
189 0 191 0 400.0 0.1
190 0 191 0 400.0 0.1
259 0 260 0 6400.0 1.0
259 0 261 0 6400.0 1.0
192 1 259 1 200.0 0.1
193 1 259 1 200.0 0.1
194 1 259 1 200.0 0.1
195 1 259 1 200.0 0.1
196 1 259 1 200.0 0.1
197 1 259 1 200.0 0.1
198 1 259 1 200.0 0.1
199 1 259 1 200.0 0.1
200 1 259 1 200.0 0.1
201 1 259 1 200.0 0.1
202 1 259 1 200.0 0.1
203 1 259 1 200.0 0.1
204 1 259 1 200.0 0.1
205 1 259 1 200.0 0.1
206 1 259 1 200.0 0.1
207 1 259 1 200.0 0.1
208 1 259 1 200.0 0.1
209 1 259 1 200.0 0.1
210 1 259 1 200.0 0.1
211 1 259 1 200.0 0.1
212 1 259 1 200.0 0.1
213 1 259 1 200.0 0.1
214 1 259 1 200.0 0.1
215 1 259 1 200.0 0.1
216 1 259 1 200.0 0.1
217 1 259 1 200.0 0.1
218 1 259 1 200.0 0.1
219 1 259 1 200.0 0.1
220 1 259 1 200.0 0.1
221 1 259 1 200.0 0.1
222 1 259 1 200.0 0.1
223 1 259 1 200.0 0.1
224 1 259 1 200.0 0.1
225 1 259 1 200.0 0.1
226 1 259 1 200.0 0.1
227 1 259 1 200.0 0.1
228 1 259 1 200.0 0.1
229 1 259 1 200.0 0.1
230 1 259 1 200.0 0.1
231 1 259 1 200.0 0.1
232 1 259 1 200.0 0.1
233 1 259 1 200.0 0.1
234 1 259 1 200.0 0.1
235 1 259 1 200.0 0.1
236 1 259 1 200.0 0.1
237 1 259 1 200.0 0.1
238 1 259 1 200.0 0.1
239 1 259 1 200.0 0.1
240 1 259 1 200.0 0.1
241 1 259 1 200.0 0.1
242 1 259 1 200.0 0.1
243 1 259 1 200.0 0.1
244 1 259 1 200.0 0.1
245 1 259 1 200.0 0.1
246 1 259 1 200.0 0.1
247 1 259 1 200.0 0.1
248 1 259 1 200.0 0.1
249 1 259 1 200.0 0.1
250 1 259 1 200.0 0.1
251 1 259 1 200.0 0.1
252 1 259 1 200.0 0.1
253 1 259 1 200.0 0.1
254 1 259 1 200.0 0.1
255 1 259 1 200.0 0.1
192 0 193 0 400.0 0.1
192 0 194 0 400.0 0.1
192 0 195 0 400.0 0.1
192 0 196 0 400.0 0.1
192 0 197 0 400.0 0.1
192 0 198 0 400.0 0.1
192 0 199 0 400.0 0.1
193 0 194 0 400.0 0.1
193 0 195 0 400.0 0.1
193 0 196 0 400.0 0.1
193 0 197 0 400.0 0.1
193 0 198 0 400.0 0.1
193 0 199 0 400.0 0.1
194 0 195 0 400.0 0.1
194 0 196 0 400.0 0.1
194 0 197 0 400.0 0.1
194 0 198 0 400.0 0.1
194 0 199 0 400.0 0.1
195 0 196 0 400.0 0.1
195 0 197 0 400.0 0.1
195 0 198 0 400.0 0.1
195 0 199 0 400.0 0.1
196 0 197 0 400.0 0.1
196 0 198 0 400.0 0.1
196 0 199 0 400.0 0.1
197 0 198 0 400.0 0.1
197 0 199 0 400.0 0.1
198 0 199 0 400.0 0.1
200 0 201 0 400.0 0.1
200 0 202 0 400.0 0.1
200 0 203 0 400.0 0.1
200 0 204 0 400.0 0.1
200 0 205 0 400.0 0.1
200 0 206 0 400.0 0.1
200 0 207 0 400.0 0.1
201 0 202 0 400.0 0.1
201 0 203 0 400.0 0.1
201 0 204 0 400.0 0.1
201 0 205 0 400.0 0.1
201 0 206 0 400.0 0.1
201 0 207 0 400.0 0.1
202 0 203 0 400.0 0.1
202 0 204 0 400.0 0.1
202 0 205 0 400.0 0.1
202 0 206 0 400.0 0.1
202 0 207 0 400.0 0.1
203 0 204 0 400.0 0.1
203 0 205 0 400.0 0.1
203 0 206 0 400.0 0.1
203 0 207 0 400.0 0.1
204 0 205 0 400.0 0.1
204 0 206 0 400.0 0.1
204 0 207 0 400.0 0.1
205 0 206 0 400.0 0.1
205 0 207 0 400.0 0.1
206 0 207 0 400.0 0.1
208 0 209 0 400.0 0.1
208 0 210 0 400.0 0.1
208 0 211 0 400.0 0.1
208 0 212 0 400.0 0.1
208 0 213 0 400.0 0.1
208 0 214 0 400.0 0.1
208 0 215 0 400.0 0.1
209 0 210 0 400.0 0.1
209 0 211 0 400.0 0.1
209 0 212 0 400.0 0.1
209 0 213 0 400.0 0.1
209 0 214 0 400.0 0.1
209 0 215 0 400.0 0.1
210 0 211 0 400.0 0.1
210 0 212 0 400.0 0.1
210 0 213 0 400.0 0.1
210 0 214 0 400.0 0.1
210 0 215 0 400.0 0.1
211 0 212 0 400.0 0.1
211 0 213 0 400.0 0.1
211 0 214 0 400.0 0.1
211 0 215 0 400.0 0.1
212 0 213 0 400.0 0.1
212 0 214 0 400.0 0.1
212 0 215 0 400.0 0.1
213 0 214 0 400.0 0.1
213 0 215 0 400.0 0.1
214 0 215 0 400.0 0.1
216 0 217 0 400.0 0.1
216 0 218 0 400.0 0.1
216 0 219 0 400.0 0.1
216 0 220 0 400.0 0.1
216 0 221 0 400.0 0.1
216 0 222 0 400.0 0.1
216 0 223 0 400.0 0.1
217 0 218 0 400.0 0.1
217 0 219 0 400.0 0.1
217 0 220 0 400.0 0.1
217 0 221 0 400.0 0.1
217 0 222 0 400.0 0.1
217 0 223 0 400.0 0.1
218 0 219 0 400.0 0.1
218 0 220 0 400.0 0.1
218 0 221 0 400.0 0.1
218 0 222 0 400.0 0.1
218 0 223 0 400.0 0.1
219 0 220 0 400.0 0.1
219 0 221 0 400.0 0.1
219 0 222 0 400.0 0.1
219 0 223 0 400.0 0.1
220 0 221 0 400.0 0.1
220 0 222 0 400.0 0.1
220 0 223 0 400.0 0.1
221 0 222 0 400.0 0.1
221 0 223 0 400.0 0.1
222 0 223 0 400.0 0.1
224 0 225 0 400.0 0.1
224 0 226 0 400.0 0.1
224 0 227 0 400.0 0.1
224 0 228 0 400.0 0.1
224 0 229 0 400.0 0.1
224 0 230 0 400.0 0.1
224 0 231 0 400.0 0.1
225 0 226 0 400.0 0.1
225 0 227 0 400.0 0.1
225 0 228 0 400.0 0.1
225 0 229 0 400.0 0.1
225 0 230 0 400.0 0.1
225 0 231 0 400.0 0.1
226 0 227 0 400.0 0.1
226 0 228 0 400.0 0.1
226 0 229 0 400.0 0.1
226 0 230 0 400.0 0.1
226 0 231 0 400.0 0.1
227 0 228 0 400.0 0.1
227 0 229 0 400.0 0.1
227 0 230 0 400.0 0.1
227 0 231 0 400.0 0.1
228 0 229 0 400.0 0.1
228 0 230 0 400.0 0.1
228 0 231 0 400.0 0.1
229 0 230 0 400.0 0.1
229 0 231 0 400.0 0.1
230 0 231 0 400.0 0.1
232 0 233 0 400.0 0.1
232 0 234 0 400.0 0.1
232 0 235 0 400.0 0.1
232 0 236 0 400.0 0.1
232 0 237 0 400.0 0.1
232 0 238 0 400.0 0.1
232 0 239 0 400.0 0.1
233 0 234 0 400.0 0.1
233 0 235 0 400.0 0.1
233 0 236 0 400.0 0.1
233 0 237 0 400.0 0.1
233 0 238 0 400.0 0.1
233 0 239 0 400.0 0.1
234 0 235 0 400.0 0.1
234 0 236 0 400.0 0.1
234 0 237 0 400.0 0.1
234 0 238 0 400.0 0.1
234 0 239 0 400.0 0.1
235 0 236 0 400.0 0.1
235 0 237 0 400.0 0.1
235 0 238 0 400.0 0.1
235 0 239 0 400.0 0.1
236 0 237 0 400.0 0.1
236 0 238 0 400.0 0.1
236 0 239 0 400.0 0.1
237 0 238 0 400.0 0.1
237 0 239 0 400.0 0.1
238 0 239 0 400.0 0.1
240 0 241 0 400.0 0.1
240 0 242 0 400.0 0.1
240 0 243 0 400.0 0.1
240 0 244 0 400.0 0.1
240 0 245 0 400.0 0.1
240 0 246 0 400.0 0.1
240 0 247 0 400.0 0.1
241 0 242 0 400.0 0.1
241 0 243 0 400.0 0.1
241 0 244 0 400.0 0.1
241 0 245 0 400.0 0.1
241 0 246 0 400.0 0.1
241 0 247 0 400.0 0.1
242 0 243 0 400.0 0.1
242 0 244 0 400.0 0.1
242 0 245 0 400.0 0.1
242 0 246 0 400.0 0.1
242 0 247 0 400.0 0.1
243 0 244 0 400.0 0.1
243 0 245 0 400.0 0.1
243 0 246 0 400.0 0.1
243 0 247 0 400.0 0.1
244 0 245 0 400.0 0.1
244 0 246 0 400.0 0.1
244 0 247 0 400.0 0.1
245 0 246 0 400.0 0.1
245 0 247 0 400.0 0.1
246 0 247 0 400.0 0.1
248 0 249 0 400.0 0.1
248 0 250 0 400.0 0.1
248 0 251 0 400.0 0.1
248 0 252 0 400.0 0.1
248 0 253 0 400.0 0.1
248 0 254 0 400.0 0.1
248 0 255 0 400.0 0.1
249 0 250 0 400.0 0.1
249 0 251 0 400.0 0.1
249 0 252 0 400.0 0.1
249 0 253 0 400.0 0.1
249 0 254 0 400.0 0.1
249 0 255 0 400.0 0.1
250 0 251 0 400.0 0.1
250 0 252 0 400.0 0.1
250 0 253 0 400.0 0.1
250 0 254 0 400.0 0.1
250 0 255 0 400.0 0.1
251 0 252 0 400.0 0.1
251 0 253 0 400.0 0.1
251 0 254 0 400.0 0.1
251 0 255 0 400.0 0.1
252 0 253 0 400.0 0.1
252 0 254 0 400.0 0.1
252 0 255 0 400.0 0.1
253 0 254 0 400.0 0.1
253 0 255 0 400.0 0.1
254 0 255 0 400.0 0.1