superpod
128 64 736
0 0 8 0 400.0 0.027
0 0 16 0 729.0 0.027
0 0 24 0 310.0 0.027
0 0 32 0 646.0 0.027
0 0 40 0 796.0 0.027
0 0 48 0 759.0 0.027
0 0 56 0 487.0 0.027
1 0 9 0 603.0 0.027
1 0 17 0 637.0 0.027
1 0 25 0 602.0 0.027
1 0 33 0 362.0 0.027
1 0 41 0 464.0 0.027
1 0 49 0 597.0 0.027
1 0 57 0 734.0 0.027
2 0 10 0 427.0 0.027
2 0 18 0 327.0 0.027
2 0 26 0 290.0 0.027
2 0 34 0 770.0 0.027
2 0 42 0 581.0 0.027
2 0 50 0 724.0 0.027
2 0 58 0 309.0 0.027
3 0 11 0 481.0 0.027
3 0 19 0 735.0 0.027
3 0 27 0 275.0 0.027
3 0 35 0 329.0 0.027
3 0 43 0 575.0 0.027
3 0 51 0 539.0 0.027
3 0 59 0 632.0 0.027
4 0 12 0 466.0 0.027
4 0 20 0 560.0 0.027
4 0 28 0 217.0 0.027
4 0 36 0 419.0 0.027
4 0 44 0 573.0 0.027
4 0 52 0 499.0 0.027
4 0 60 0 326.0 0.027
5 0 13 0 204.0 0.027
5 0 21 0 716.0 0.027
5 0 29 0 565.0 0.027
5 0 37 0 529.0 0.027
5 0 45 0 525.0 0.027
5 0 53 0 256.0 0.027
5 0 61 0 344.0 0.027
6 0 14 0 344.0 0.027
6 0 22 0 286.0 0.027
6 0 30 0 664.0 0.027
6 0 38 0 521.0 0.027
6 0 46 0 295.0 0.027
6 0 54 0 696.0 0.027
6 0 62 0 732.0 0.027
7 0 15 0 530.0 0.027
7 0 23 0 403.0 0.027
7 0 31 0 397.0 0.027
7 0 39 0 235.0 0.027
7 0 47 0 710.0 0.027
7 0 55 0 783.0 0.027
7 0 63 0 373.0 0.027
8 0 16 0 575.0 0.027
8 0 24 0 641.0 0.027
8 0 32 0 271.0 0.027
8 0 40 0 382.0 0.027
8 0 48 0 558.0 0.027
8 0 56 0 334.0 0.027
9 0 17 0 433.0 0.027
9 0 25 0 626.0 0.027
9 0 33 0 204.0 0.027
9 0 41 0 516.0 0.027
9 0 49 0 658.0 0.027
9 0 57 0 304.0 0.027
10 0 18 0 253.0 0.027
10 0 26 0 724.0 0.027
10 0 34 0 339.0 0.027
10 0 42 0 421.0 0.027
10 0 50 0 441.0 0.027
10 0 58 0 661.0 0.027
11 0 19 0 572.0 0.027
11 0 27 0 615.0 0.027
11 0 35 0 733.0 0.027
11 0 43 0 473.0 0.027
11 0 51 0 788.0 0.027
11 0 59 0 434.0 0.027
12 0 20 0 461.0 0.027
12 0 28 0 309.0 0.027
12 0 36 0 698.0 0.027
12 0 44 0 469.0 0.027
12 0 52 0 329.0 0.027
12 0 60 0 256.0 0.027
13 0 21 0 791.0 0.027
13 0 29 0 428.0 0.027
13 0 37 0 473.0 0.027
13 0 45 0 248.0 0.027
13 0 53 0 218.0 0.027
13 0 61 0 492.0 0.027
14 0 22 0 352.0 0.027
14 0 30 0 248.0 0.027
14 0 38 0 451.0 0.027
14 0 46 0 432.0 0.027
14 0 54 0 490.0 0.027
14 0 62 0 451.0 0.027
15 0 23 0 614.0 0.027
15 0 31 0 350.0 0.027
15 0 39 0 575.0 0.027
15 0 47 0 551.0 0.027
15 0 55 0 678.0 0.027
15 0 63 0 228.0 0.027
16 0 24 0 522.0 0.027
16 0 32 0 486.0 0.027
16 0 40 0 531.0 0.027
16 0 48 0 797.0 0.027
16 0 56 0 266.0 0.027
17 0 25 0 748.0 0.027
17 0 33 0 498.0 0.027
17 0 41 0 411.0 0.027
17 0 49 0 348.0 0.027
17 0 57 0 693.0 0.027
18 0 26 0 273.0 0.027
18 0 34 0 672.0 0.027
18 0 42 0 674.0 0.027
18 0 50 0 296.0 0.027
18 0 58 0 555.0 0.027
19 0 27 0 542.0 0.027
19 0 35 0 534.0 0.027
19 0 43 0 297.0 0.027
19 0 51 0 519.0 0.027
19 0 59 0 727.0 0.027
20 0 28 0 384.0 0.027
20 0 36 0 549.0 0.027
20 0 44 0 798.0 0.027
20 0 52 0 511.0 0.027
20 0 60 0 622.0 0.027
21 0 29 0 744.0 0.027
21 0 37 0 746.0 0.027
21 0 45 0 480.0 0.027
21 0 53 0 307.0 0.027
21 0 61 0 230.0 0.027
22 0 30 0 783.0 0.027
22 0 38 0 211.0 0.027
22 0 46 0 647.0 0.027
22 0 54 0 582.0 0.027
22 0 62 0 771.0 0.027
23 0 31 0 546.0 0.027
23 0 39 0 642.0 0.027
23 0 47 0 282.0 0.027
23 0 55 0 733.0 0.027
23 0 63 0 420.0 0.027
24 0 32 0 532.0 0.027
24 0 40 0 391.0 0.027
24 0 48 0 431.0 0.027
24 0 56 0 771.0 0.027
25 0 33 0 651.0 0.027
25 0 41 0 229.0 0.027
25 0 49 0 303.0 0.027
25 0 57 0 227.0 0.027
26 0 34 0 494.0 0.027
26 0 42 0 702.0 0.027
26 0 50 0 799.0 0.027
26 0 58 0 235.0 0.027
27 0 35 0 762.0 0.027
27 0 43 0 468.0 0.027
27 0 51 0 263.0 0.027
27 0 59 0 361.0 0.027
28 0 36 0 570.0 0.027
28 0 44 0 675.0 0.027
28 0 52 0 269.0 0.027
28 0 60 0 341.0 0.027
29 0 37 0 436.0 0.027
29 0 45 0 258.0 0.027
29 0 53 0 283.0 0.027
29 0 61 0 446.0 0.027
30 0 38 0 315.0 0.027
30 0 46 0 793.0 0.027
30 0 54 0 401.0 0.027
30 0 62 0 685.0 0.027
31 0 39 0 260.0 0.027
31 0 47 0 262.0 0.027
31 0 55 0 448.0 0.027
31 0 63 0 625.0 0.027
32 0 40 0 749.0 0.027
32 0 48 0 203.0 0.027
32 0 56 0 309.0 0.027
33 0 41 0 357.0 0.027
33 0 49 0 466.0 0.027
33 0 57 0 625.0 0.027
34 0 42 0 542.0 0.027
34 0 50 0 776.0 0.027
34 0 58 0 425.0 0.027
35 0 43 0 384.0 0.027
35 0 51 0 378.0 0.027
35 0 59 0 598.0 0.027
36 0 44 0 353.0 0.027
36 0 52 0 274.0 0.027
36 0 60 0 764.0 0.027
37 0 45 0 643.0 0.027
37 0 53 0 590.0 0.027
37 0 61 0 202.0 0.027
38 0 46 0 474.0 0.027
38 0 54 0 770.0 0.027
38 0 62 0 652.0 0.027
39 0 47 0 730.0 0.027
39 0 55 0 672.0 0.027
39 0 63 0 734.0 0.027
40 0 48 0 696.0 0.027
40 0 56 0 248.0 0.027
41 0 49 0 501.0 0.027
41 0 57 0 382.0 0.027
42 0 50 0 745.0 0.027
42 0 58 0 643.0 0.027
43 0 51 0 332.0 0.027
43 0 59 0 421.0 0.027
44 0 52 0 471.0 0.027
44 0 60 0 626.0 0.027
45 0 53 0 789.0 0.027
45 0 61 0 628.0 0.027
46 0 54 0 680.0 0.027
46 0 62 0 578.0 0.027
47 0 55 0 207.0 0.027
47 0 63 0 704.0 0.027
48 0 56 0 262.0 0.027
49 0 57 0 344.0 0.027
50 0 58 0 377.0 0.027
51 0 59 0 287.0 0.027
52 0 60 0 681.0 0.027
53 0 61 0 579.0 0.027
54 0 62 0 244.0 0.027
55 0 63 0 627.0 0.027
0 1 64 0 549.0 0.027
1 1 64 1 436.0 0.027
2 1 64 2 788.0 0.027
3 1 64 3 372.0 0.027
4 1 64 4 223.0 0.027
5 1 64 5 732.0 0.027
6 1 64 6 701.0 0.027
7 1 64 7 735.0 0.027
64 8 72 0 391.0 0.027
64 9 73 0 610.0 0.027
64 10 74 0 636.0 0.027
64 11 75 0 500.0 0.027
64 12 76 0 470.0 0.027
64 13 77 0 655.0 0.027
64 14 78 0 212.0 0.027
64 15 79 0 442.0 0.027
8 1 65 0 304.0 0.027
9 1 65 1 773.0 0.027
10 1 65 2 515.0 0.027
11 1 65 3 201.0 0.027
12 1 65 4 516.0 0.027
13 1 65 5 627.0 0.027
14 1 65 6 788.0 0.027
15 1 65 7 436.0 0.027
65 8 72 1 712.0 0.027
65 9 73 1 257.0 0.027
65 10 74 1 261.0 0.027
65 11 75 1 557.0 0.027
65 12 76 1 594.0 0.027
65 13 77 1 436.0 0.027
65 14 78 1 247.0 0.027
65 15 79 1 224.0 0.027
16 1 66 0 775.0 0.027
17 1 66 1 438.0 0.027
18 1 66 2 540.0 0.027
19 1 66 3 680.0 0.027
20 1 66 4 407.0 0.027
21 1 66 5 603.0 0.027
22 1 66 6 526.0 0.027
23 1 66 7 520.0 0.027
66 8 72 2 418.0 0.027
66 9 73 2 390.0 0.027
66 10 74 2 702.0 0.027
66 11 75 2 642.0 0.027
66 12 76 2 710.0 0.027
66 13 77 2 742.0 0.027
66 14 78 2 742.0 0.027
66 15 79 2 652.0 0.027
24 1 67 0 550.0 0.027
25 1 67 1 561.0 0.027
26 1 67 2 506.0 0.027
27 1 67 3 458.0 0.027
28 1 67 4 377.0 0.027
29 1 67 5 624.0 0.027
30 1 67 6 210.0 0.027
31 1 67 7 209.0 0.027
67 8 72 3 560.0 0.027
67 9 73 3 417.0 0.027
67 10 74 3 725.0 0.027
67 11 75 3 551.0 0.027
67 12 76 3 751.0 0.027
67 13 77 3 260.0 0.027
67 14 78 3 304.0 0.027
67 15 79 3 404.0 0.027
32 1 68 0 390.0 0.027
33 1 68 1 218.0 0.027
34 1 68 2 212.0 0.027
35 1 68 3 599.0 0.027
36 1 68 4 795.0 0.027
37 1 68 5 758.0 0.027
38 1 68 6 351.0 0.027
39 1 68 7 255.0 0.027
68 8 72 4 359.0 0.027
68 9 73 4 428.0 0.027
68 10 74 4 657.0 0.027
68 11 75 4 202.0 0.027
68 12 76 4 212.0 0.027
68 13 77 4 491.0 0.027
68 14 78 4 794.0 0.027
68 15 79 4 208.0 0.027
40 1 69 0 604.0 0.027
41 1 69 1 361.0 0.027
42 1 69 2 400.0 0.027
43 1 69 3 568.0 0.027
44 1 69 4 381.0 0.027
45 1 69 5 419.0 0.027
46 1 69 6 528.0 0.027
47 1 69 7 769.0 0.027
69 8 72 5 668.0 0.027
69 9 73 5 776.0 0.027
69 10 74 5 329.0 0.027
69 11 75 5 717.0 0.027
69 12 76 5 342.0 0.027
69 13 77 5 710.0 0.027
69 14 78 5 306.0 0.027
69 15 79 5 502.0 0.027
48 1 70 0 235.0 0.027
49 1 70 1 456.0 0.027
50 1 70 2 378.0 0.027
51 1 70 3 781.0 0.027
52 1 70 4 655.0 0.027
53 1 70 5 247.0 0.027
54 1 70 6 372.0 0.027
55 1 70 7 303.0 0.027
70 8 72 6 731.0 0.027
70 9 73 6 617.0 0.027
70 10 74 6 655.0 0.027
70 11 75 6 764.0 0.027
70 12 76 6 255.0 0.027
70 13 77 6 525.0 0.027
70 14 78 6 286.0 0.027
70 15 79 6 358.0 0.027
56 1 71 0 496.0 0.027
57 1 71 1 524.0 0.027
58 1 71 2 707.0 0.027
59 1 71 3 422.0 0.027
60 1 71 4 451.0 0.027
61 1 71 5 342.0 0.027
62 1 71 6 325.0 0.027
63 1 71 7 459.0 0.027
71 8 72 7 445.0 0.027
71 9 73 7 687.0 0.027
71 10 74 7 655.0 0.027
71 11 75 7 470.0 0.027
71 12 76 7 335.0 0.027
71 13 77 7 758.0 0.027
71 14 78 7 677.0 0.027
71 15 79 7 697.0 0.027
0 1 80 0 212.0 0.027
1 1 80 1 683.0 0.027
2 1 80 2 358.0 0.027
3 1 80 3 529.0 0.027
4 1 80 4 612.0 0.027
5 1 80 5 403.0 0.027
6 1 80 6 459.0 0.027
7 1 80 7 295.0 0.027
80 8 88 0 532.0 0.027
80 9 89 0 733.0 0.027
80 10 90 0 445.0 0.027
80 11 91 0 455.0 0.027
80 12 92 0 212.0 0.027
80 13 93 0 337.0 0.027
80 14 94 0 410.0 0.027
80 15 95 0 622.0 0.027
8 1 81 0 236.0 0.027
9 1 81 1 486.0 0.027
10 1 81 2 366.0 0.027
11 1 81 3 261.0 0.027
12 1 81 4 401.0 0.027
13 1 81 5 449.0 0.027
14 1 81 6 716.0 0.027
15 1 81 7 225.0 0.027
81 8 88 1 358.0 0.027
81 9 89 1 577.0 0.027
81 10 90 1 228.0 0.027
81 11 91 1 704.0 0.027
81 12 92 1 465.0 0.027
81 13 93 1 289.0 0.027
81 14 94 1 588.0 0.027
81 15 95 1 800.0 0.027
16 1 82 0 272.0 0.027
17 1 82 1 414.0 0.027
18 1 82 2 325.0 0.027
19 1 82 3 465.0 0.027
20 1 82 4 800.0 0.027
21 1 82 5 434.0 0.027
22 1 82 6 524.0 0.027
23 1 82 7 745.0 0.027
82 8 88 2 278.0 0.027
82 9 89 2 528.0 0.027
82 10 90 2 479.0 0.027
82 11 91 2 307.0 0.027
82 12 92 2 246.0 0.027
82 13 93 2 354.0 0.027
82 14 94 2 275.0 0.027
82 15 95 2 400.0 0.027
24 1 83 0 678.0 0.027
25 1 83 1 648.0 0.027
26 1 83 2 780.0 0.027
27 1 83 3 378.0 0.027
28 1 83 4 598.0 0.027
29 1 83 5 467.0 0.027
30 1 83 6 512.0 0.027
31 1 83 7 697.0 0.027
83 8 88 3 284.0 0.027
83 9 89 3 447.0 0.027
83 10 90 3 732.0 0.027
83 11 91 3 639.0 0.027
83 12 92 3 439.0 0.027
83 13 93 3 484.0 0.027
83 14 94 3 686.0 0.027
83 15 95 3 287.0 0.027
32 1 84 0 729.0 0.027
33 1 84 1 422.0 0.027
34 1 84 2 588.0 0.027
35 1 84 3 655.0 0.027
36 1 84 4 372.0 0.027
37 1 84 5 584.0 0.027
38 1 84 6 684.0 0.027
39 1 84 7 525.0 0.027
84 8 88 4 420.0 0.027
84 9 89 4 383.0 0.027
84 10 90 4 469.0 0.027
84 11 91 4 665.0 0.027
84 12 92 4 437.0 0.027
84 13 93 4 592.0 0.027
84 14 94 4 789.0 0.027
84 15 95 4 781.0 0.027
40 1 85 0 799.0 0.027
41 1 85 1 283.0 0.027
42 1 85 2 544.0 0.027
43 1 85 3 731.0 0.027
44 1 85 4 200.0 0.027
45 1 85 5 764.0 0.027
46 1 85 6 371.0 0.027
47 1 85 7 573.0 0.027
85 8 88 5 615.0 0.027
85 9 89 5 441.0 0.027
85 10 90 5 366.0 0.027
85 11 91 5 614.0 0.027
85 12 92 5 728.0 0.027
85 13 93 5 721.0 0.027
85 14 94 5 330.0 0.027
85 15 95 5 457.0 0.027
48 1 86 0 546.0 0.027
49 1 86 1 289.0 0.027
50 1 86 2 240.0 0.027
51 1 86 3 475.0 0.027
52 1 86 4 656.0 0.027
53 1 86 5 609.0 0.027
54 1 86 6 367.0 0.027
55 1 86 7 292.0 0.027
86 8 88 6 274.0 0.027
86 9 89 6 419.0 0.027
86 10 90 6 792.0 0.027
86 11 91 6 590.0 0.027
86 12 92 6 613.0 0.027
86 13 93 6 228.0 0.027
86 14 94 6 313.0 0.027
86 15 95 6 508.0 0.027
56 1 87 0 200.0 0.027
57 1 87 1 661.0 0.027
58 1 87 2 762.0 0.027
59 1 87 3 503.0 0.027
60 1 87 4 296.0 0.027
61 1 87 5 653.0 0.027
62 1 87 6 785.0 0.027
63 1 87 7 381.0 0.027
87 8 88 7 624.0 0.027
87 9 89 7 229.0 0.027
87 10 90 7 224.0 0.027
87 11 91 7 632.0 0.027
87 12 92 7 406.0 0.027
87 13 93 7 665.0 0.027
87 14 94 7 571.0 0.027
87 15 95 7 515.0 0.027
0 1 96 0 202.0 0.027
1 1 96 1 341.0 0.027
2 1 96 2 225.0 0.027
3 1 96 3 773.0 0.027
4 1 96 4 215.0 0.027
5 1 96 5 679.0 0.027
6 1 96 6 213.0 0.027
7 1 96 7 284.0 0.027
96 8 104 0 506.0 0.027
96 9 105 0 503.0 0.027
96 10 106 0 521.0 0.027
96 11 107 0 699.0 0.027
96 12 108 0 401.0 0.027
96 13 109 0 587.0 0.027
96 14 110 0 400.0 0.027
96 15 111 0 361.0 0.027
8 1 97 0 565.0 0.027
9 1 97 1 640.0 0.027
10 1 97 2 422.0 0.027
11 1 97 3 641.0 0.027
12 1 97 4 515.0 0.027
13 1 97 5 647.0 0.027
14 1 97 6 671.0 0.027
15 1 97 7 409.0 0.027
97 8 104 1 295.0 0.027
97 9 105 1 231.0 0.027
97 10 106 1 738.0 0.027
97 11 107 1 498.0 0.027
97 12 108 1 794.0 0.027
97 13 109 1 473.0 0.027
97 14 110 1 710.0 0.027
97 15 111 1 572.0 0.027
16 1 98 0 440.0 0.027
17 1 98 1 720.0 0.027
18 1 98 2 296.0 0.027
19 1 98 3 647.0 0.027
20 1 98 4 297.0 0.027
21 1 98 5 655.0 0.027
22 1 98 6 386.0 0.027
23 1 98 7 672.0 0.027
98 8 104 2 244.0 0.027
98 9 105 2 625.0 0.027
98 10 106 2 270.0 0.027
98 11 107 2 214.0 0.027
98 12 108 2 527.0 0.027
98 13 109 2 320.0 0.027
98 14 110 2 253.0 0.027
98 15 111 2 483.0 0.027
24 1 99 0 452.0 0.027
25 1 99 1 478.0 0.027
26 1 99 2 743.0 0.027
27 1 99 3 697.0 0.027
28 1 99 4 308.0 0.027
29 1 99 5 401.0 0.027
30 1 99 6 538.0 0.027
31 1 99 7 549.0 0.027
99 8 104 3 495.0 0.027
99 9 105 3 715.0 0.027
99 10 106 3 554.0 0.027
99 11 107 3 734.0 0.027
99 12 108 3 469.0 0.027
99 13 109 3 718.0 0.027
99 14 110 3 749.0 0.027
99 15 111 3 332.0 0.027
32 1 100 0 594.0 0.027
33 1 100 1 722.0 0.027
34 1 100 2 248.0 0.027
35 1 100 3 440.0 0.027
36 1 100 4 766.0 0.027
37 1 100 5 238.0 0.027
38 1 100 6 203.0 0.027
39 1 100 7 452.0 0.027
100 8 104 4 278.0 0.027
100 9 105 4 736.0 0.027
100 10 106 4 347.0 0.027
100 11 107 4 702.0 0.027
100 12 108 4 335.0 0.027
100 13 109 4 727.0 0.027
100 14 110 4 733.0 0.027
100 15 111 4 402.0 0.027
40 1 101 0 394.0 0.027
41 1 101 1 772.0 0.027
42 1 101 2 738.0 0.027
43 1 101 3 461.0 0.027
44 1 101 4 238.0 0.027
45 1 101 5 692.0 0.027
46 1 101 6 502.0 0.027
47 1 101 7 222.0 0.027
101 8 104 5 497.0 0.027
101 9 105 5 212.0 0.027
101 10 106 5 546.0 0.027
101 11 107 5 437.0 0.027
101 12 108 5 700.0 0.027
101 13 109 5 784.0 0.027
101 14 110 5 341.0 0.027
101 15 111 5 221.0 0.027
48 1 102 0 525.0 0.027
49 1 102 1 298.0 0.027
50 1 102 2 653.0 0.027
51 1 102 3 254.0 0.027
52 1 102 4 227.0 0.027
53 1 102 5 419.0 0.027
54 1 102 6 227.0 0.027
55 1 102 7 641.0 0.027
102 8 104 6 476.0 0.027
102 9 105 6 736.0 0.027
102 10 106 6 587.0 0.027
102 11 107 6 673.0 0.027
102 12 108 6 503.0 0.027
102 13 109 6 643.0 0.027
102 14 110 6 368.0 0.027
102 15 111 6 687.0 0.027
56 1 103 0 730.0 0.027
57 1 103 1 384.0 0.027
58 1 103 2 532.0 0.027
59 1 103 3 570.0 0.027
60 1 103 4 365.0 0.027
61 1 103 5 261.0 0.027
62 1 103 6 620.0 0.027
63 1 103 7 539.0 0.027
103 8 104 7 390.0 0.027
103 9 105 7 570.0 0.027
103 10 106 7 648.0 0.027
103 11 107 7 457.0 0.027
103 12 108 7 501.0 0.027
103 13 109 7 693.0 0.027
103 14 110 7 392.0 0.027
103 15 111 7 738.0 0.027
0 1 112 0 352.0 0.027
1 1 112 1 513.0 0.027
2 1 112 2 628.0 0.027
3 1 112 3 758.0 0.027
4 1 112 4 710.0 0.027
5 1 112 5 237.0 0.027
6 1 112 6 503.0 0.027
7 1 112 7 574.0 0.027
112 8 120 0 389.0 0.027
112 9 121 0 225.0 0.027
112 10 122 0 624.0 0.027
112 11 123 0 418.0 0.027
112 12 124 0 235.0 0.027
112 13 125 0 749.0 0.027
112 14 126 0 800.0 0.027
112 15 127 0 560.0 0.027
8 1 113 0 474.0 0.027
9 1 113 1 716.0 0.027
10 1 113 2 256.0 0.027
11 1 113 3 416.0 0.027
12 1 113 4 267.0 0.027
13 1 113 5 271.0 0.027
14 1 113 6 399.0 0.027
15 1 113 7 796.0 0.027
113 8 120 1 663.0 0.027
113 9 121 1 656.0 0.027
113 10 122 1 420.0 0.027
113 11 123 1 489.0 0.027
113 12 124 1 681.0 0.027
113 13 125 1 363.0 0.027
113 14 126 1 488.0 0.027
113 15 127 1 713.0 0.027
16 1 114 0 773.0 0.027
17 1 114 1 360.0 0.027
18 1 114 2 716.0 0.027
19 1 114 3 331.0 0.027
20 1 114 4 797.0 0.027
21 1 114 5 464.0 0.027
22 1 114 6 396.0 0.027
23 1 114 7 559.0 0.027
114 8 120 2 791.0 0.027
114 9 121 2 242.0 0.027
114 10 122 2 398.0 0.027
114 11 123 2 318.0 0.027
114 12 124 2 242.0 0.027
114 13 125 2 299.0 0.027
114 14 126 2 298.0 0.027
114 15 127 2 769.0 0.027
24 1 115 0 588.0 0.027
25 1 115 1 721.0 0.027
26 1 115 2 412.0 0.027
27 1 115 3 763.0 0.027
28 1 115 4 446.0 0.027
29 1 115 5 290.0 0.027
30 1 115 6 568.0 0.027
31 1 115 7 433.0 0.027
115 8 120 3 270.0 0.027
115 9 121 3 417.0 0.027
115 10 122 3 400.0 0.027
115 11 123 3 206.0 0.027
115 12 124 3 340.0 0.027
115 13 125 3 624.0 0.027
115 14 126 3 358.0 0.027
115 15 127 3 429.0 0.027
32 1 116 0 502.0 0.027
33 1 116 1 598.0 0.027
34 1 116 2 658.0 0.027
35 1 116 3 308.0 0.027
36 1 116 4 387.0 0.027
37 1 116 5 669.0 0.027
38 1 116 6 680.0 0.027
39 1 116 7 341.0 0.027
116 8 120 4 521.0 0.027
116 9 121 4 508.0 0.027
116 10 122 4 708.0 0.027
116 11 123 4 345.0 0.027
116 12 124 4 465.0 0.027
116 13 125 4 633.0 0.027
116 14 126 4 601.0 0.027
116 15 127 4 444.0 0.027
40 1 117 0 607.0 0.027
41 1 117 1 431.0 0.027
42 1 117 2 389.0 0.027
43 1 117 3 556.0 0.027
44 1 117 4 788.0 0.027
45 1 117 5 306.0 0.027
46 1 117 6 795.0 0.027
47 1 117 7 283.0 0.027
117 8 120 5 739.0 0.027
117 9 121 5 647.0 0.027
117 10 122 5 493.0 0.027
117 11 123 5 395.0 0.027
117 12 124 5 308.0 0.027
117 13 125 5 644.0 0.027
117 14 126 5 591.0 0.027
117 15 127 5 539.0 0.027
48 1 118 0 725.0 0.027
49 1 118 1 537.0 0.027
50 1 118 2 250.0 0.027
51 1 118 3 762.0 0.027
52 1 118 4 363.0 0.027
53 1 118 5 780.0 0.027
54 1 118 6 326.0 0.027
55 1 118 7 525.0 0.027
118 8 120 6 716.0 0.027
118 9 121 6 633.0 0.027
118 10 122 6 469.0 0.027
118 11 123 6 797.0 0.027
118 12 124 6 603.0 0.027
118 13 125 6 716.0 0.027
118 14 126 6 573.0 0.027
118 15 127 6 347.0 0.027
56 1 119 0 285.0 0.027
57 1 119 1 608.0 0.027
58 1 119 2 683.0 0.027
59 1 119 3 570.0 0.027
60 1 119 4 527.0 0.027
61 1 119 5 590.0 0.027
62 1 119 6 627.0 0.027
63 1 119 7 719.0 0.027
119 8 120 7 215.0 0.027
119 9 121 7 588.0 0.027
119 10 122 7 330.0 0.027
119 11 123 7 215.0 0.027
119 12 124 7 324.0 0.027
119 13 125 7 660.0 0.027
119 14 126 7 659.0 0.027
119 15 127 7 489.0 0.027